1 1 2 1.6
2 2 3 0.9 1 1.6
2 3 4 1 2 0.9
2 4 3 1 5 1.3
2 5 4 1.3 6 1
2 6 5 1 7 1.1
2 7 6 1.1 8 1.3
2 8 7 1.3 9 1.8
3 9 8 1.8 10 0.8 28 1.5
2 10 9 0.8 11 0.9
2 11 10 0.9 12 1.1
2 12 11 1.1 13 0.6
2 13 12 0.6 14 1.2
2 14 13 1.2 15 1.1
2 15 14 1.1 16 1.2
2 16 15 1.2 17 1.1
4 17 16 1.1 18 0.9 48 1.06 47 1.2
2 18 17 0.9 19 1.3
2 19 18 1.3 20 0.9
2 20 19 0.9 21 0.9
2 21 20 0.9 22 1.2
2 22 21 1.2 23 1
2 23 22 1 24 1.2
2 24 23 1.2 25 0.9
2 25 24 0.9 26 0.9
2 26 25 0.9 27 1
1 27 26 1
2 28 9 0.9 29 1.4
2 29 28 1.4 30 1
2 30 29 1 31 1.1
2 31 30 1.1 32 1.2
2 32 31 1.2 33 1.3
2 33 32 1.3 34 0.9
2 34 33 0.9 35 0.9
3 35 34 1.05 43 1 44 1
2 37 36 0.98 38 1.02
1 36 37 0.98
2 38 37 1.02 39 0.76
2 39 38 0.76 40 1.03
2 40 39 1.03 41 0.98
2 41 40 0.98 42 0.57
2 42 41 0.57 43 0.86
2 43 42 0.86 35 1
2 44 35 1 45 0.93
2 45 44 0.93 46 1.09
2 46 45 1.09 47 0.75
2 47 17 1.2 46 0.75
2 48 17 1.06 49 0.97
2 49 48 0.97 50 1.03
2 50 49 1.03 51 1.02
2 51 50 1.02 52 1.1
2 52 51 1.1 53 0.64
2 53 52 0.64 54 1.2
2 54 53 1.2 55 0.78
2 55 54 0.78 56 1
1 55 56 1
